start:

joint1: 286.777801514
joint2: 100.91493988
joint3: 159.528793335
joint4: 77.1297836304
joint5: 122.340759277
joint6: 109.704971313
joint7: 345.555541992

end:
joint1: 141.437042236
joint2: 88.2458953857
joint3: 207.992950439
joint4: 126.77167511
joint5: -59.2446022034
joint6: 133.203552246
joint7: 375.599884033


